# Made in Blockbench 5.0.1
mtllib scythe_geo.mtl

o handle
v 0.024261874999999995 0.6505771052508355 0.05387220510781707
v 0.024261874999999995 0.64398770976507 -0.014561283529926479
v 0.024261874999999995 0.2788588374230921 0.08966460331458821
v 0.024261874999999995 0.27226944193732666 0.02123111467684466
v -0.021050625 0.64398770976507 -0.014561283529926479
v -0.021050625 0.6505771052508355 0.05387220510781707
v -0.021050625 0.27226944193732666 0.02123111467684466
v -0.021050625 0.2788588374230921 0.08966460331458821
vt 0.25 0.625
vt 0.3125 0.625
vt 0.3125 0.25
vt 0.25 0.25
vt 0.25 0.625
vt 0.3125 0.625
vt 0.3125 0.25
vt 0.25 0.25
vt 0.25 0.625
vt 0.3125 0.625
vt 0.3125 0.25
vt 0.25 0.25
vt 0.25 0.625
vt 0.3125 0.625
vt 0.3125 0.25
vt 0.25 0.25
vt 0.75 0.625
vt 0.6875 0.625
vt 0.6875 0.6875
vt 0.75 0.6875
vt 0.75 0.6875
vt 0.6875 0.6875
vt 0.6875 0.625
vt 0.75 0.625
vn 0 -0.09584575252022398 -0.9953961983671789
vn 1 0 0
vn 0 0.09584575252022398 0.9953961983671789
vn -1 0 0
vn 0 0.9953961983671789 -0.09584575252022398
vn 0 -0.9953961983671789 0.09584575252022398
usemtl m_4fb90f61-0ab5-7a85-7f14-e34e604819a4
f 4/4/1 7/3/1 5/2/1 2/1/1
f 3/8/2 4/7/2 2/6/2 1/5/2
f 8/12/3 3/11/3 1/10/3 6/9/3
f 7/16/4 8/15/4 6/14/4 5/13/4
f 6/20/5 1/19/5 2/18/5 5/17/5
f 7/24/6 4/23/6 3/22/6 8/21/6
o blade
v 0.025824375 1.200866467459971 0.1266183761368078
v 0.025824375 1.2082046578873007 0.05040835469932066
v 0.025824375 1.0779972492240228 0.11478741606009267
v 0.025824375 1.0853354396513526 0.03857739462260554
v -0.027300625 1.2082046578873007 0.05040835469932066
v -0.027300625 1.200866467459971 0.1266183761368078
v -0.027300625 1.0853354396513526 0.03857739462260554
v -0.027300625 1.0779972492240228 0.11478741606009267
vt 0.6875 0.875
vt 0.75 0.875
vt 0.75 0.75
vt 0.6875 0.75
vt 0.6875 0.875
vt 0.75 0.875
vt 0.75 0.75
vt 0.6875 0.75
vt 0.6875 0.875
vt 0.75 0.875
vt 0.75 0.75
vt 0.6875 0.75
vt 0.6875 0.875
vt 0.75 0.875
vt 0.75 0.75
vt 0.6875 0.75
vt 0.375 0.25
vt 0.3125 0.25
vt 0.3125 0.3125
vt 0.375 0.3125
vt 0.375 0.3125
vt 0.3125 0.3125
vt 0.3125 0.25
vt 0.375 0.25
vn 0 0.09584575252022398 -0.9953961983671789
vn 1 0 0
vn 0 -0.09584575252022398 0.9953961983671789
vn -1 0 0
vn 0 0.9953961983671789 0.09584575252022398
vn 0 -0.9953961983671789 -0.09584575252022398
usemtl m_4fb90f61-0ab5-7a85-7f14-e34e604819a4
f 12/28/7 15/27/7 13/26/7 10/25/7
f 11/32/8 12/31/8 10/30/8 9/29/8
f 16/36/9 11/35/9 9/34/9 14/33/9
f 15/40/10 16/39/10 14/38/10 13/37/10
f 14/44/11 9/43/11 10/42/11 13/41/11
f 15/48/12 12/47/12 11/46/12 16/45/12
o tip
v 0.025824375 1.5484375 0.115625
v 0.025824375 1.5484375 0.0625
v 0.025824375 1.2796875 0.115625
v 0.025824375 1.2796875 0.0625
v -0.030425625 1.5484375 0.0625
v -0.030425625 1.5484375 0.115625
v -0.030425625 1.2796875 0.0625
v -0.030425625 1.2796875 0.115625
vt 0.5625 0.75
vt 0.625 0.75
vt 0.625 0.5
vt 0.5625 0.5
vt 0.5625 0.75
vt 0.625 0.75
vt 0.625 0.5
vt 0.5625 0.5
vt 0.5625 0.75
vt 0.625 0.75
vt 0.625 0.5
vt 0.5625 0.5
vt 0.5625 0.75
vt 0.625 0.75
vt 0.625 0.5
vt 0.5625 0.5
vt 0.75 0.6875
vt 0.6875 0.6875
vt 0.6875 0.75
vt 0.75 0.75
vt 0.75 0.75
vt 0.6875 0.75
vt 0.6875 0.6875
vt 0.75 0.6875
vn 0 0 -1
vn 1 0 0
vn 0 0 1
vn -1 0 0
vn 0 1 0
vn 0 -1 0
usemtl m_4fb90f61-0ab5-7a85-7f14-e34e604819a4
f 20/52/13 23/51/13 21/50/13 18/49/13
f 19/56/14 20/55/14 18/54/14 17/53/14
f 24/60/15 19/59/15 17/58/15 22/57/15
f 23/64/16 24/63/16 22/62/16 21/61/16
f 22/68/17 17/67/17 18/66/17 21/65/17
f 23/72/18 20/71/18 19/70/18 24/69/18
o handle
v 0.035199375 1.0889910558952247 0.11890767578484712
v 0.035199375 1.098892940046893 0.038263300963989694
v 0.035199375 0.6283876073991737 0.062352683610895854
v 0.035199375 0.6382894915508419 -0.018291691209961547
v -0.039800625 1.098892940046893 0.038263300963989694
v -0.039800625 1.0889910558952247 0.11890767578484712
v -0.039800625 0.6382894915508419 -0.018291691209961547
v -0.039800625 0.6283876073991737 0.062352683610895854
vt 0.3125 0.75
vt 0.375 0.75
vt 0.375 0.3125
vt 0.3125 0.3125
vt 0.3125 0.75
vt 0.375 0.75
vt 0.375 0.3125
vt 0.3125 0.3125
vt 0.3125 0.75
vt 0.375 0.75
vt 0.375 0.3125
vt 0.3125 0.3125
vt 0.3125 0.75
vt 0.375 0.75
vt 0.375 0.3125
vt 0.3125 0.3125
vt 0.4375 0.25
vt 0.375 0.25
vt 0.375 0.3125
vt 0.4375 0.3125
vt 0.4375 0.3125
vt 0.375 0.3125
vt 0.375 0.25
vt 0.4375 0.25
vn 0 0.12186934340514746 -0.992546151641322
vn 1 0 0
vn 0 -0.12186934340514746 0.992546151641322
vn -1 0 0
vn 0 0.992546151641322 0.12186934340514746
vn 0 -0.992546151641322 -0.12186934340514746
usemtl m_4fb90f61-0ab5-7a85-7f14-e34e604819a4
f 28/76/19 31/75/19 29/74/19 26/73/19
f 27/80/20 28/79/20 26/78/20 25/77/20
f 32/84/21 27/83/21 25/82/21 30/81/21
f 31/88/22 32/87/22 30/86/22 29/85/22
f 30/92/23 25/91/23 26/90/23 29/89/23
f 31/96/24 28/95/24 27/94/24 32/93/24
o blade
v 0.018012500000000004 1.5124999999999997 0.1375
v 0.018012500000000004 1.5124999999999997 0.04375000000000001
v 0.018012500000000004 1.196875 0.1375
v 0.018012500000000004 1.196875 0.04375000000000001
v -0.0194875 1.5124999999999997 0.04375000000000001
v -0.0194875 1.5124999999999997 0.1375
v -0.0194875 1.196875 0.04375000000000001
v -0.0194875 1.196875 0.1375
vt 0.4375 0.625
vt 0.5 0.625
vt 0.5 0.3125
vt 0.4375 0.3125
vt 0.4375 0.625
vt 0.5 0.625
vt 0.5 0.3125
vt 0.4375 0.3125
vt 0.4375 0.625
vt 0.5 0.625
vt 0.5 0.3125
vt 0.4375 0.3125
vt 0.4375 0.625
vt 0.5 0.625
vt 0.5 0.3125
vt 0.4375 0.3125
vt 0.375 0.25
vt 0.3125 0.25
vt 0.3125 0.3125
vt 0.375 0.3125
vt 0.375 0.3125
vt 0.3125 0.3125
vt 0.3125 0.25
vt 0.375 0.25
vn 0 0 -1
vn 1 0 0
vn 0 0 1
vn -1 0 0
vn 0 1 0
vn 0 -1 0
usemtl m_4fb90f61-0ab5-7a85-7f14-e34e604819a4
f 36/100/25 39/99/25 37/98/25 34/97/25
f 35/104/26 36/103/26 34/102/26 33/101/26
f 40/108/27 35/107/27 33/106/27 38/105/27
f 39/112/28 40/111/28 38/110/28 37/109/28
f 38/116/29 33/115/29 34/114/29 37/113/29
f 39/120/30 36/119/30 35/118/30 40/117/30
o tip
v 0.003949375 1.6730808310588254 -0.15981719478949294
v 0.003949375 1.5027128442946058 -0.5251725214386425
v 0.003949375 1.583866158272405 -0.11821570964939276
v 0.003949375 1.4134981715081856 -0.4835710362985423
v -0.005425625 1.5027128442946058 -0.5251725214386425
v -0.005425625 1.6730808310588254 -0.15981719478949294
v -0.005425625 1.4134981715081856 -0.4835710362985423
v -0.005425625 1.583866158272405 -0.11821570964939276
vt 0.625 0.5625
vt 0.6875 0.5625
vt 0.6875 0.4375
vt 0.625 0.4375
vt 0.625 0.25
vt 1 0.25
vt 1 0.125
vt 0.625 0.125
vt 0.625 0.4375
vt 0.6875 0.4375
vt 0.6875 0.3125
vt 0.625 0.3125
vt 0.625 0.125
vt 1 0.125
vt 1 0
vt 0.625 0
vt 0.0625 0.25
vt 0 0.25
vt 0 0.625
vt 0.0625 0.625
vt 0.0625 0.625
vt 0 0.625
vt 0 0.25
vt 0.0625 0.25
vn 0 -0.42261826174069944 -0.9063077870366499
vn 1 0 0
vn 0 0.42261826174069944 0.9063077870366499
vn -1 0 0
vn 0 0.9063077870366499 -0.42261826174069944
vn 0 -0.9063077870366499 0.42261826174069944
usemtl m_4fb90f61-0ab5-7a85-7f14-e34e604819a4
f 44/124/31 47/123/31 45/122/31 42/121/31
f 43/128/32 44/127/32 42/126/32 41/125/32
f 48/132/33 43/131/33 41/130/33 46/129/33
f 47/136/34 48/135/34 46/134/34 45/133/34
f 46/140/35 41/139/35 42/138/35 45/137/35
f 47/144/36 44/143/36 43/142/36 48/141/36
o tip
v 0.008636875000000002 1.5311447228311386 0.09669435618083949
v 0.008636875000000002 1.6780197228311384 -0.15770060618083936
v 0.008636875000000002 1.379590277168862 0.00919435618083958
v 0.008636875000000002 1.5264652771688618 -0.24520060618083928
v -0.010113125 1.6780197228311384 -0.15770060618083936
v -0.010113125 1.5311447228311386 0.09669435618083949
v -0.010113125 1.5264652771688618 -0.24520060618083928
v -0.010113125 1.379590277168862 0.00919435618083958
vt 0.625 0.5625
vt 0.6875 0.5625
vt 0.6875 0.4375
vt 0.625 0.4375
vt 0 1
vt 0.3125 1
vt 0.3125 0.8125
vt 0 0.8125
vt 0.5625 0.5
vt 0.625 0.5
vt 0.625 0.3125
vt 0.5625 0.3125
vt 0 0.8125
vt 0.3125 0.8125
vt 0.3125 0.625
vt 0 0.625
vt 0.4375 0.3125
vt 0.375 0.3125
vt 0.375 0.625
vt 0.4375 0.625
vt 0.4375 0.625
vt 0.375 0.625
vt 0.375 0.3125
vt 0.4375 0.3125
vn 0 0.49999999999999994 -0.8660254037844387
vn 1 0 0
vn 0 -0.49999999999999994 0.8660254037844387
vn -1 0 0
vn 0 0.8660254037844387 0.49999999999999994
vn 0 -0.8660254037844387 -0.49999999999999994
usemtl m_4fb90f61-0ab5-7a85-7f14-e34e604819a4
f 52/148/37 55/147/37 53/146/37 50/145/37
f 51/152/38 52/151/38 50/150/38 49/149/38
f 56/156/39 51/155/39 49/154/39 54/153/39
f 55/160/40 56/159/40 54/158/40 53/157/40
f 54/164/41 49/163/41 50/162/41 53/161/41
f 55/168/42 52/167/42 51/166/42 56/165/42
o tip
v 0.005511875 1.5037932253819941 -0.5230700208806383
v 0.005511875 1.4048800047631222 -0.6420002417795015
v 0.005511875 1.4641498184157062 -0.4900989473410142
v 0.005511875 1.3652365977968344 -0.6090291682398775
v -0.006988125 1.4048800047631222 -0.6420002417795015
v -0.006988125 1.5037932253819941 -0.5230700208806383
v -0.006988125 1.3652365977968344 -0.6090291682398775
v -0.006988125 1.4641498184157062 -0.4900989473410142
vt 0.625 0.5625
vt 0.6875 0.5625
vt 0.6875 0.4375
vt 0.625 0.4375
vt 0 1
vt 0.3125 1
vt 0.3125 0.8125
vt 0 0.8125
vt 0.5625 0.5
vt 0.625 0.5
vt 0.625 0.3125
vt 0.5625 0.3125
vt 0 0.8125
vt 0.3125 0.8125
vt 0.3125 0.625
vt 0 0.625
vt 0.4375 0.625
vt 0.375 0.625
vt 0.375 0.3125
vt 0.4375 0.3125
vt 0.4375 0.625
vt 0.375 0.625
vt 0.375 0.3125
vt 0.4375 0.3125
vn 0 -0.6394390019805848 -0.7688418320734596
vn 1 0 0
vn 0 0.6394390019805848 0.7688418320734596
vn -1 0 0
vn 0 0.7688418320734596 -0.6394390019805848
vn 0 -0.7688418320734596 0.6394390019805848
usemtl m_4fb90f61-0ab5-7a85-7f14-e34e604819a4
f 60/172/43 63/171/43 61/170/43 58/169/43
f 59/176/44 60/175/44 58/174/44 57/173/44
f 64/180/45 59/179/45 57/178/45 62/177/45
f 63/184/46 64/183/46 62/182/46 61/181/46
f 62/188/47 57/187/47 58/186/47 61/185/47
f 63/192/48 60/191/48 59/190/48 64/189/48
o tip
v 0.005511875 1.4562499999999998 0.17343749999999997
v 0.005511875 1.4562499999999998 0.009374999999999994
v 0.005511875 1.328125 0.17343749999999997
v 0.005511875 1.328125 0.009374999999999994
v -0.006988125 1.4562499999999998 0.009374999999999994
v -0.006988125 1.4562499999999998 0.17343749999999997
v -0.006988125 1.328125 0.009374999999999994
v -0.006988125 1.328125 0.17343749999999997
vt 0.625 0.5625
vt 0.6875 0.5625
vt 0.6875 0.4375
vt 0.625 0.4375
vt 0.0625 0.625
vt 0.25 0.625
vt 0.25 0.5
vt 0.0625 0.5
vt 0.6875 1
vt 0.75 1
vt 0.75 0.875
vt 0.6875 0.875
vt 0.375 0.75
vt 0.5625 0.75
vt 0.5625 0.625
vt 0.375 0.625
vt 0.6875 0.5625
vt 0.625 0.5625
vt 0.625 0.75
vt 0.6875 0.75
vt 0.6875 0.75
vt 0.625 0.75
vt 0.625 0.5625
vt 0.6875 0.5625
vn 0 0 -1
vn 1 0 0
vn 0 0 1
vn -1 0 0
vn 0 1 0
vn 0 -1 0
usemtl m_4fb90f61-0ab5-7a85-7f14-e34e604819a4
f 68/196/49 71/195/49 69/194/49 66/193/49
f 67/200/50 68/199/50 66/198/50 65/197/50
f 72/204/51 67/203/51 65/202/51 70/201/51
f 71/208/52 72/207/52 70/206/52 69/205/52
f 70/212/53 65/211/53 66/210/53 69/209/53
f 71/216/54 68/215/54 67/214/54 72/213/54
o handle
v 0.036761875000000006 -0.014900730911719548 0.11547412517047234
v 0.036761875000000006 -0.006764249922151258 0.04406114804371762
v 0.036761875000000006 -0.3517836882270624 0.07709116050229148
v 0.036761875000000006 -0.3436472072374941 0.005678183375536758
v -0.031988125 -0.006764249922151258 0.04406114804371762
v -0.031988125 -0.014900730911719548 0.11547412517047234
v -0.031988125 -0.3436472072374941 0.005678183375536758
v -0.031988125 -0.3517836882270624 0.07709116050229148
vt 0.0625 0.5
vt 0.125 0.5
vt 0.125 0.1875
vt 0.0625 0.1875
vt 0.0625 0.5
vt 0.125 0.5
vt 0.125 0.1875
vt 0.0625 0.1875
vt 0.1875 0.5
vt 0.25 0.5
vt 0.25 0.1875
vt 0.1875 0.1875
vt 0.5 0.625
vt 0.5625 0.625
vt 0.5625 0.3125
vt 0.5 0.3125
vt 0.75 0.5
vt 0.6875 0.5
vt 0.6875 0.5625
vt 0.75 0.5625
vt 0.75 0.5625
vt 0.6875 0.5625
vt 0.6875 0.5
vt 0.75 0.5
vn 0 0.11320321376790671 -0.9935718556765875
vn 1 0 0
vn 0 -0.11320321376790671 0.9935718556765875
vn -1 0 0
vn 0 0.9935718556765875 0.11320321376790671
vn 0 -0.9935718556765875 -0.11320321376790671
usemtl m_4fb90f61-0ab5-7a85-7f14-e34e604819a4
f 76/220/55 79/219/55 77/218/55 74/217/55
f 75/224/56 76/223/56 74/222/56 73/221/56
f 80/228/57 75/227/57 73/226/57 78/225/57
f 79/232/58 80/231/58 78/230/58 77/229/58
f 78/236/59 73/235/59 74/234/59 77/233/59
f 79/240/60 76/239/60 75/238/60 80/237/60
o handle
v 0.021136875 0.28403625 0.0859375
v 0.021136875 0.28403625 0.024999999999999998
v 0.021136875 0.19809875 0.0859375
v 0.021136875 0.19809875 0.024999999999999998
v -0.016363125 0.28403625 0.024999999999999998
v -0.016363125 0.28403625 0.0859375
v -0.016363125 0.19809875 0.024999999999999998
v -0.016363125 0.19809875 0.0859375
vt 0.6875 0.625
vt 0.75 0.625
vt 0.75 0.5625
vt 0.6875 0.5625
vt 0.6875 0.625
vt 0.75 0.625
vt 0.75 0.5625
vt 0.6875 0.5625
vt 0.6875 0.625
vt 0.75 0.625
vt 0.75 0.5625
vt 0.6875 0.5625
vt 0.6875 0.625
vt 0.75 0.625
vt 0.75 0.5625
vt 0.6875 0.5625
vt 0.5 0.25
vt 0.4375 0.25
vt 0.4375 0.3125
vt 0.5 0.3125
vt 0.5 0.3125
vt 0.4375 0.3125
vt 0.4375 0.25
vt 0.5 0.25
vn 0 0 -1
vn 1 0 0
vn 0 0 1
vn -1 0 0
vn 0 1 0
vn 0 -1 0
usemtl m_4fb90f61-0ab5-7a85-7f14-e34e604819a4
f 84/244/61 87/243/61 85/242/61 82/241/61
f 83/248/62 84/247/62 82/246/62 81/245/62
f 88/252/63 83/251/63 81/250/63 86/249/63
f 87/256/64 88/255/64 86/254/64 85/253/64
f 86/260/65 81/259/65 82/258/65 85/257/65
f 87/264/66 84/263/66 83/262/66 88/261/66
o tip
v 0.0023868750000000005 1.4030933660917047 -0.6422828472724037
v 0.0023868750000000005 1.3330378732373223 -0.7221658268170452
v 0.0023868750000000005 1.3643266260185698 -0.6082853286813062
v 0.0023868750000000005 1.2942711331641872 -0.6881683082259478
v -0.003863125 1.3330378732373223 -0.7221658268170452
v -0.003863125 1.4030933660917047 -0.6422828472724037
v -0.003863125 1.2942711331641872 -0.6881683082259478
v -0.003863125 1.3643266260185698 -0.6082853286813062
vt 0.625 0.5625
vt 0.6875 0.5625
vt 0.6875 0.4375
vt 0.625 0.4375
vt 0 1
vt 0.3125 1
vt 0.3125 0.8125
vt 0 0.8125
vt 0.5625 0.5
vt 0.625 0.5
vt 0.625 0.3125
vt 0.5625 0.3125
vt 0 0.8125
vt 0.3125 0.8125
vt 0.3125 0.625
vt 0 0.625
vt 0.4375 0.625
vt 0.375 0.625
vt 0.375 0.3125
vt 0.4375 0.3125
vt 0.4375 0.625
vt 0.375 0.625
vt 0.375 0.3125
vt 0.4375 0.3125
vn 0 -0.659345815100069 -0.7518398074789774
vn 1 0 0
vn 0 0.659345815100069 0.7518398074789774
vn -1 0 0
vn 0 0.7518398074789774 -0.659345815100069
vn 0 -0.7518398074789774 0.659345815100069
usemtl m_4fb90f61-0ab5-7a85-7f14-e34e604819a4
f 92/268/67 95/267/67 93/266/67 90/265/67
f 91/272/68 92/271/68 90/270/68 89/269/68
f 96/276/69 91/275/69 89/274/69 94/273/69
f 95/280/70 96/279/70 94/278/70 93/277/70
f 94/284/71 89/283/71 90/282/71 93/281/71
f 95/288/72 92/287/72 91/286/72 96/285/72
o tip
v 0.000824375 1.3443548628059643 -0.7080923718004194
v 0.000824375 1.2271363946702223 -0.8337937892662143
v 0.000824375 1.3294992407418247 -0.6942392801116497
v 0.000824375 1.2122807726060827 -0.8199406975774447
v -0.002300625 1.2271363946702223 -0.8337937892662143
v -0.002300625 1.3443548628059643 -0.7080923718004194
v -0.002300625 1.2122807726060827 -0.8199406975774447
v -0.002300625 1.3294992407418247 -0.6942392801116497
vt 0.375 0.3125
vt 0.4375 0.3125
vt 0.4375 0.625
vt 0.375 0.625
vt 0 1
vt 0.3125 1
vt 0.3125 0.8125
vt 0 0.8125
vt 0.375 0.625
vt 0.4375 0.625
vt 0.4375 0.3125
vt 0.375 0.3125
vt 0 0.8125
vt 0.3125 0.8125
vt 0.3125 0.625
vt 0 0.625
vt 0.625 0.3125
vt 0.5625 0.3125
vt 0.5625 0.5
vt 0.625 0.5
vt 0.6875 0.5625
vt 0.625 0.5625
vt 0.625 0.4375
vt 0.6875 0.4375
vn 0 -0.6819983600624986 -0.7313537016191706
vn 1 0 0
vn 0 0.6819983600624986 0.7313537016191706
vn -1 0 0
vn 0 0.7313537016191706 -0.6819983600624986
vn 0 -0.7313537016191706 0.6819983600624986
usemtl m_4fb90f61-0ab5-7a85-7f14-e34e604819a4
f 100/292/73 103/291/73 101/290/73 98/289/73
f 99/296/74 100/295/74 98/294/74 97/293/74
f 104/300/75 99/299/75 97/298/75 102/297/75
f 103/304/76 104/303/76 102/302/76 101/301/76
f 102/308/77 97/307/77 98/306/77 101/305/77
f 103/312/78 100/311/78 99/310/78 104/309/78
o tip
v 0.003949375 1.4636629952069964 -0.5094597685666589
v 0.003949375 1.365943556126094 -0.6857503032869433
v 0.003949375 1.4144656366804051 -0.4821892274278022
v 0.003949375 1.3167461975995027 -0.6584797621480867
v -0.005425625 1.365943556126094 -0.6857503032869433
v -0.005425625 1.4636629952069964 -0.5094597685666589
v -0.005425625 1.3167461975995027 -0.6584797621480867
v -0.005425625 1.4144656366804051 -0.4821892274278022
vt 0.625 0.5625
vt 0.6875 0.5625
vt 0.6875 0.4375
vt 0.625 0.4375
vt 0 1
vt 0.3125 1
vt 0.3125 0.8125
vt 0 0.8125
vt 0.5625 0.5
vt 0.625 0.5
vt 0.625 0.3125
vt 0.5625 0.3125
vt 0 0.8125
vt 0.3125 0.8125
vt 0.3125 0.625
vt 0 0.625
vt 0.4375 0.625
vt 0.375 0.625
vt 0.375 0.3125
vt 0.4375 0.3125
vt 0.4375 0.625
vt 0.375 0.625
vt 0.375 0.3125
vt 0.4375 0.3125
vn 0 -0.48480962024633706 -0.8746197071393957
vn 1 0 0
vn 0 0.48480962024633706 0.8746197071393957
vn -1 0 0
vn 0 0.8746197071393957 -0.48480962024633706
vn 0 -0.8746197071393957 0.48480962024633706
usemtl m_4fb90f61-0ab5-7a85-7f14-e34e604819a4
f 108/316/79 111/315/79 109/314/79 106/313/79
f 107/320/80 108/319/80 106/318/80 105/317/80
f 112/324/81 107/323/81 105/322/81 110/321/81
f 111/328/82 112/327/82 110/326/82 109/325/82
f 110/332/83 105/331/83 106/330/83 109/329/83
f 111/336/84 108/335/84 107/334/84 112/333/84
o tip
v 0.0023868750000000005 1.3187877932150796 -0.707654633144078
v 0.0023868750000000005 1.2219331879265467 -0.8361850355423143
v 0.0023868750000000005 1.2963261694949995 -0.6907285856179265
v 0.0023868750000000005 1.1994715642064664 -0.8192589880161628
v -0.003863125 1.2219331879265467 -0.8361850355423143
v -0.003863125 1.3187877932150796 -0.707654633144078
v -0.003863125 1.1994715642064664 -0.8192589880161628
v -0.003863125 1.2963261694949995 -0.6907285856179265
vt 0.375 0.3125
vt 0.4375 0.3125
vt 0.4375 0.625
vt 0.375 0.625
vt 0 1
vt 0.3125 1
vt 0.3125 0.8125
vt 0 0.8125
vt 0.375 0.625
vt 0.4375 0.625
vt 0.4375 0.3125
vt 0.375 0.3125
vt 0 0.8125
vt 0.3125 0.8125
vt 0.3125 0.625
vt 0 0.625
vt 0.625 0.3125
vt 0.5625 0.3125
vt 0.5625 0.5
vt 0.625 0.5
vt 0.6875 0.5625
vt 0.625 0.5625
vt 0.625 0.4375
vt 0.6875 0.4375
vn 0 -0.6018150231520483 -0.7986355100472928
vn 1 0 0
vn 0 0.6018150231520483 0.7986355100472928
vn -1 0 0
vn 0 0.7986355100472928 -0.6018150231520483
vn 0 -0.7986355100472928 0.6018150231520483
usemtl m_4fb90f61-0ab5-7a85-7f14-e34e604819a4
f 116/340/85 119/339/85 117/338/85 114/337/85
f 115/344/86 116/343/86 114/342/86 113/341/86
f 120/348/87 115/347/87 113/346/87 118/345/87
f 119/352/88 120/351/88 118/350/88 117/349/88
f 118/356/89 113/355/89 114/354/89 117/353/89
f 119/360/90 116/359/90 115/358/90 120/357/90
o tip
v 0.000824375 1.217620578929435 -0.8173787485670194
v 0.000824375 1.227904283001743 -0.8311502984726469
v 0.000824375 1.182565724624201 -0.8435554498419858
v 0.000824375 1.192849428696509 -0.8573269997476134
v -0.002300625 1.227904283001743 -0.8311502984726469
v -0.002300625 1.217620578929435 -0.8173787485670194
v -0.002300625 1.192849428696509 -0.8573269997476134
v -0.002300625 1.182565724624201 -0.8435554498419858
vt 0.5625 0.5
vt 0.625 0.5
vt 0.625 0.3125
vt 0.5625 0.3125
vt 0 1
vt 0.3125 1
vt 0.3125 0.8125
vt 0 0.8125
vt 0.625 0.5625
vt 0.6875 0.5625
vt 0.6875 0.4375
vt 0.625 0.4375
vt 0 0.8125
vt 0.3125 0.8125
vt 0.3125 0.625
vt 0 0.625
vt 0.4375 0.3125
vt 0.375 0.3125
vt 0.375 0.625
vt 0.4375 0.625
vt 0.4375 0.3125
vt 0.375 0.3125
vt 0.375 0.625
vt 0.4375 0.625
vn 0 0.5983246005706591 -0.8012538126910607
vn 1 0 0
vn 0 -0.5983246005706591 0.8012538126910607
vn -1 0 0
vn 0 0.8012538126910607 0.5983246005706591
vn 0 -0.8012538126910607 -0.5983246005706591
usemtl m_4fb90f61-0ab5-7a85-7f14-e34e604819a4
f 124/364/91 127/363/91 125/362/91 122/361/91
f 123/368/92 124/367/92 122/366/92 121/365/92
f 128/372/93 123/371/93 121/370/93 126/369/93
f 127/376/94 128/375/94 126/374/94 125/373/94
f 126/380/95 121/379/95 122/378/95 125/377/95
f 127/384/96 124/383/96 123/382/96 128/381/96
o tip
v 0.000824375 1.211027648018634 -0.8220977358785414
v 0.000824375 1.1771755529663313 -0.8670209833187015
v 0.000824375 1.2022925721274917 -0.815515384062816
v 0.000824375 1.168440477075189 -0.8604386315029762
v -0.0007381250000000001 1.1771755529663313 -0.8670209833187015
v -0.0007381250000000001 1.211027648018634 -0.8220977358785414
v -0.0007381250000000001 1.168440477075189 -0.8604386315029762
v -0.0007381250000000001 1.2022925721274917 -0.815515384062816
vt 0.375 0.3125
vt 0.4375 0.3125
vt 0.4375 0.625
vt 0.375 0.625
vt 0 1
vt 0.3125 1
vt 0.3125 0.8125
vt 0 0.8125
vt 0.375 0.625
vt 0.4375 0.625
vt 0.4375 0.3125
vt 0.375 0.3125
vt 0 0.8125
vt 0.3125 0.8125
vt 0.3125 0.625
vt 0 0.625
vt 0.625 0.3125
vt 0.5625 0.3125
vt 0.5625 0.5
vt 0.625 0.5
vt 0.6875 0.5625
vt 0.625 0.5625
vt 0.625 0.4375
vt 0.6875 0.4375
vn 0 -0.6018150231520483 -0.7986355100472928
vn 1 0 0
vn 0 0.6018150231520483 0.7986355100472928
vn -1 0 0
vn 0 0.7986355100472928 -0.6018150231520483
vn 0 -0.7986355100472928 0.6018150231520483
usemtl m_4fb90f61-0ab5-7a85-7f14-e34e604819a4
f 132/388/97 135/387/97 133/386/97 130/385/97
f 131/392/98 132/391/98 130/390/98 129/389/98
f 136/396/99 131/395/99 129/394/99 134/393/99
f 135/400/100 136/399/100 134/398/100 133/397/100
f 134/404/101 129/403/101 130/402/101 133/401/101
f 135/408/102 132/407/102 131/406/102 136/405/102
o tip
v -0.0007381250000000001 1.2204252254946097 -0.8211346258140089
v -0.0007381250000000001 1.2269694008133512 -0.8298983393903172
v -0.0007381250000000001 1.1428037623901635 -0.8790973214942913
v -0.0007381250000000001 1.1493479377089049 -0.8878610350705997
v -0.0007381250000000001 1.2269694008133512 -0.8298983393903172
v -0.0007381250000000001 1.2204252254946097 -0.8211346258140089
v -0.0007381250000000001 1.1493479377089049 -0.8878610350705997
v -0.0007381250000000001 1.1428037623901635 -0.8790973214942913
vt 0.5625 0.5
vt 0.625 0.5
vt 0.625 0.3125
vt 0.5625 0.3125
vt 0 1
vt 0.3125 1
vt 0.3125 0.8125
vt 0 0.8125
vt 0.625 0.5625
vt 0.6875 0.5625
vt 0.6875 0.4375
vt 0.625 0.4375
vt 0 0.8125
vt 0.3125 0.8125
vt 0.3125 0.625
vt 0 0.625
vt 0.4375 0.3125
vt 0.375 0.3125
vt 0.375 0.625
vt 0.4375 0.625
vt 0.4375 0.3125
vt 0.375 0.3125
vt 0.375 0.625
vt 0.4375 0.625
vn 0 0.5983246005706591 -0.8012538126910607
vn 1 0 0
vn 0 -0.5983246005706591 0.8012538126910607
vn -1 0 0
vn 0 0.8012538126910607 0.5983246005706591
vn 0 -0.8012538126910607 -0.5983246005706591
usemtl m_4fb90f61-0ab5-7a85-7f14-e34e604819a4
f 140/412/103 143/411/103 141/410/103 138/409/103
f 139/416/104 140/415/104 138/414/104 137/413/104
f 144/420/105 139/419/105 137/418/105 142/417/105
f 143/424/106 144/423/106 142/422/106 141/421/106
f 142/428/107 137/427/107 138/426/107 141/425/107
f 143/432/108 140/431/108 139/430/108 144/429/108
o tip
v 0.005511875 1.5738990509973216 0.2704092088296352
v 0.005511875 1.53251828193079 0.08753252373428905
v 0.005511875 1.4870326255770323 0.2900650741362376
v 0.005511875 1.445651856510501 0.10718838904089145
v -0.006988125 1.53251828193079 0.08753252373428905
v -0.006988125 1.5738990509973216 0.2704092088296352
v -0.006988125 1.445651856510501 0.10718838904089145
v -0.006988125 1.4870326255770323 0.2900650741362376
vt 0.625 0.5625
vt 0.6875 0.5625
vt 0.6875 0.4375
vt 0.625 0.4375
vt 0.3125 1
vt 0.6875 1
vt 0.6875 0.875
vt 0.3125 0.875
vt 0.625 0.4375
vt 0.6875 0.4375
vt 0.6875 0.3125
vt 0.625 0.3125
vt 0.3125 0.875
vt 0.6875 0.875
vt 0.6875 0.75
vt 0.3125 0.75
vt 0.0625 0.625
vt 0 0.625
vt 0 0.25
vt 0.0625 0.25
vt 0.0625 0.625
vt 0 0.625
vt 0 0.25
vt 0.0625 0.25
vn 0 -0.2206974350215011 -0.9753423205085127
vn 1 0 0
vn 0 0.2206974350215011 0.9753423205085127
vn -1 0 0
vn 0 0.9753423205085127 -0.2206974350215011
vn 0 -0.9753423205085127 0.2206974350215011
usemtl m_4fb90f61-0ab5-7a85-7f14-e34e604819a4
f 148/436/109 151/435/109 149/434/109 146/433/109
f 147/440/110 148/439/110 146/438/110 145/437/110
f 152/444/111 147/443/111 145/442/111 150/441/111
f 151/448/112 152/447/112 150/446/112 149/445/112
f 150/452/113 145/451/113 146/450/113 149/449/113
f 151/456/114 148/455/114 147/454/114 152/453/114
o handle
v 0.028949375 0.20394124894541515 0.08825531459047903
v 0.028949375 0.19795088941290118 0.026043052192530336
v 0.028949375 -0.03246534816678978 0.11101868081403221
v 0.028949375 -0.03845570769930379 0.04880641841608353
v -0.024175625 0.19795088941290118 0.026043052192530336
v -0.024175625 0.20394124894541515 0.08825531459047903
v -0.024175625 -0.03845570769930379 0.04880641841608353
v -0.024175625 -0.03246534816678978 0.11101868081403221
vt 0.0625 0.5
vt 0.125 0.5
vt 0.125 0.1875
vt 0.0625 0.1875
vt 0.0625 0.5
vt 0.125 0.5
vt 0.125 0.1875
vt 0.0625 0.1875
vt 0.1875 0.5
vt 0.25 0.5
vt 0.25 0.1875
vt 0.1875 0.1875
vt 0.5 0.625
vt 0.5625 0.625
vt 0.5625 0.3125
vt 0.5 0.3125
vt 0.75 0.5625
vt 0.6875 0.5625
vt 0.6875 0.5
vt 0.75 0.5
vt 0.75 0.5625
vt 0.6875 0.5625
vt 0.6875 0.5
vt 0.75 0.5
vn 0 -0.09584575252022398 -0.9953961983671789
vn 1 0 0
vn 0 0.09584575252022398 0.9953961983671789
vn -1 0 0
vn 0 0.9953961983671789 -0.09584575252022398
vn 0 -0.9953961983671789 0.09584575252022398
usemtl m_4fb90f61-0ab5-7a85-7f14-e34e604819a4
f 156/460/115 159/459/115 157/458/115 154/457/115
f 155/464/116 156/463/116 154/462/116 153/461/116
f 160/468/117 155/467/117 153/466/117 158/465/117
f 159/472/118 160/471/118 158/470/118 157/469/118
f 158/476/119 153/475/119 154/474/119 157/473/119
f 159/480/120 156/479/120 155/478/120 160/477/120
o handle
v 0.033636875 -0.336681244785355 0.07471337649421057
v 0.033636875 -0.34076894036223904 0.012347193791797856
v 0.033636875 -0.6001783667030489 0.09198389030654526
v 0.033636875 -0.6042660622799328 0.02961770760413253
v -0.028863125 -0.34076894036223904 0.012347193791797856
v -0.028863125 -0.336681244785355 0.07471337649421057
v -0.028863125 -0.6042660622799328 0.02961770760413253
v -0.028863125 -0.6001783667030489 0.09198389030654526
vt 0.0625 0.5
vt 0.125 0.5
vt 0.125 0.1875
vt 0.0625 0.1875
vt 0.0625 0.5
vt 0.125 0.5
vt 0.125 0.1875
vt 0.0625 0.1875
vt 0.1875 0.5
vt 0.25 0.5
vt 0.25 0.1875
vt 0.1875 0.1875
vt 0.5 0.625
vt 0.5625 0.625
vt 0.5625 0.3125
vt 0.5 0.3125
vt 0.75 0.5625
vt 0.6875 0.5625
vt 0.6875 0.5
vt 0.75 0.5
vt 0.75 0.5625
vt 0.6875 0.5625
vt 0.6875 0.5
vt 0.75 0.5
vn 0 -0.06540312923014306 -0.9978589232386035
vn 1 0 0
vn 0 0.06540312923014306 0.9978589232386035
vn -1 0 0
vn 0 0.9978589232386035 -0.06540312923014306
vn 0 -0.9978589232386035 0.06540312923014306
usemtl m_4fb90f61-0ab5-7a85-7f14-e34e604819a4
f 164/484/121 167/483/121 165/482/121 162/481/121
f 163/488/122 164/487/122 162/486/122 161/485/122
f 168/492/123 163/491/123 161/490/123 166/489/123
f 167/496/124 168/495/124 166/494/124 165/493/124
f 166/500/125 161/499/125 162/498/125 165/497/125
f 167/504/126 164/503/126 163/502/126 168/501/126
o handle
v 0.027386875 -0.5653674920955558 0.08539249753673576
v 0.027386875 -0.5663900648315509 0.038528652517365036
v 0.027386875 -0.7512607440057265 0.08944870272284948
v 0.027386875 -0.7522833167417216 0.04258485770347875
v -0.022613125 -0.5663900648315509 0.038528652517365036
v -0.022613125 -0.5653674920955558 0.08539249753673576
v -0.022613125 -0.7522833167417216 0.04258485770347875
v -0.022613125 -0.7512607440057265 0.08944870272284948
vt 0.0625 0.5
vt 0.125 0.5
vt 0.125 0.1875
vt 0.0625 0.1875
vt 0.0625 0.5
vt 0.125 0.5
vt 0.125 0.1875
vt 0.0625 0.1875
vt 0.1875 0.5
vt 0.25 0.5
vt 0.25 0.1875
vt 0.1875 0.1875
vt 0.5 0.625
vt 0.5625 0.625
vt 0.5625 0.3125
vt 0.5 0.3125
vt 0.75 0.5625
vt 0.6875 0.5625
vt 0.6875 0.5
vt 0.75 0.5
vt 0.75 0.5625
vt 0.6875 0.5625
vt 0.6875 0.5
vt 0.75 0.5
vn 0 -0.02181488503456112 -0.9997620270799091
vn 1 0 0
vn 0 0.02181488503456112 0.9997620270799091
vn -1 0 0
vn 0 0.9997620270799091 -0.02181488503456112
vn 0 -0.9997620270799091 0.02181488503456112
usemtl m_4fb90f61-0ab5-7a85-7f14-e34e604819a4
f 172/508/127 175/507/127 173/506/127 170/505/127
f 171/512/128 172/511/128 170/510/128 169/509/128
f 176/516/129 171/515/129 169/514/129 174/513/129
f 175/520/130 176/519/130 174/518/130 173/517/130
f 174/524/131 169/523/131 170/522/131 173/521/131
f 175/528/132 172/527/132 171/526/132 176/525/132
o tip
v 0.003949375 1.387195373386659 0.28530730133960386
v 0.003949375 1.5028783069954732 0.14985998871709835
v 0.003949375 1.362244552640408 0.2639972872537695
v 0.003949375 1.477927486249222 0.12854997463126397
v -0.005425625 1.5028783069954732 0.14985998871709835
v -0.005425625 1.387195373386659 0.28530730133960386
v -0.005425625 1.477927486249222 0.12854997463126397
v -0.005425625 1.362244552640408 0.2639972872537695
vt 0.625 0.5625
vt 0.6875 0.5625
vt 0.6875 0.4375
vt 0.625 0.4375
vt 0.3125 1
vt 0.6875 1
vt 0.6875 0.875
vt 0.3125 0.875
vt 0.625 0.4375
vt 0.6875 0.4375
vt 0.6875 0.3125
vt 0.625 0.3125
vt 0.3125 0.875
vt 0.6875 0.875
vt 0.6875 0.75
vt 0.3125 0.75
vt 0.0625 0.625
vt 0 0.625
vt 0 0.25
vt 0.0625 0.25
vt 0.0625 0.625
vt 0 0.625
vt 0 0.25
vt 0.0625 0.25
vn 0 0.6494480483301837 -0.7604059656000309
vn 1 0 0
vn 0 -0.6494480483301837 0.7604059656000309
vn -1 0 0
vn 0 0.7604059656000309 0.6494480483301837
vn 0 -0.7604059656000309 -0.6494480483301837
usemtl m_4fb90f61-0ab5-7a85-7f14-e34e604819a4
f 180/532/133 183/531/133 181/530/133 178/529/133
f 179/536/134 180/535/134 178/534/134 177/533/134
f 184/540/135 179/539/135 177/538/135 182/537/135
f 183/544/136 184/543/136 182/542/136 181/541/136
f 182/548/137 177/547/137 178/546/137 181/545/137
f 183/552/138 180/551/138 179/550/138 184/549/138
o tip
v 0.000824375 1.387581118704607 0.28561344457699583
v 0.000824375 1.4158579775667368 0.16064770976184262
v 0.000824375 1.358625643564511 0.2790614894747951
v 0.000824375 1.3869025024266408 0.1540957546596419
v -0.002300625 1.4158579775667368 0.16064770976184262
v -0.002300625 1.387581118704607 0.28561344457699583
v -0.002300625 1.3869025024266408 0.1540957546596419
v -0.002300625 1.358625643564511 0.2790614894747951
vt 0 0.625
vt 0.0625 0.625
vt 0.0625 0.25
vt 0 0.25
vt 0.3125 1
vt 0.6875 1
vt 0.6875 0.875
vt 0.3125 0.875
vt 0 0.25
vt 0.0625 0.25
vt 0.0625 0.625
vt 0 0.625
vt 0.3125 0.875
vt 0.6875 0.875
vt 0.6875 0.75
vt 0.3125 0.75
vt 0.6875 0.4375
vt 0.625 0.4375
vt 0.625 0.5625
vt 0.6875 0.5625
vt 0.6875 0.4375
vt 0.625 0.4375
vt 0.625 0.3125
vt 0.6875 0.3125
vn 0 0.2206974350215011 -0.9753423205085127
vn 1 0 0
vn 0 -0.2206974350215011 0.9753423205085127
vn -1 0 0
vn 0 0.9753423205085127 0.2206974350215011
vn 0 -0.9753423205085127 -0.2206974350215011
usemtl m_4fb90f61-0ab5-7a85-7f14-e34e604819a4
f 188/556/139 191/555/139 189/554/139 186/553/139
f 187/560/140 188/559/140 186/558/140 185/557/140
f 192/564/141 187/563/141 185/562/141 190/561/141
f 191/568/142 192/567/142 190/566/142 189/565/142
f 190/572/143 185/571/143 186/570/143 189/569/143
f 191/576/144 188/575/144 187/574/144 192/573/144
o tip
v 0.0023868750000000005 1.4384951114900524 0.22344202936153174
v 0.0023868750000000005 1.4509093422100117 0.16857902383292786
v 0.0023868750000000005 1.3744882717066813 0.20895876018824577
v 0.0023868750000000005 1.3869025024266408 0.1540957546596419
v -0.003863125 1.4509093422100117 0.16857902383292786
v -0.003863125 1.4384951114900524 0.22344202936153174
v -0.003863125 1.3869025024266408 0.1540957546596419
v -0.003863125 1.3744882717066813 0.20895876018824577
vt 0 0.625
vt 0.0625 0.625
vt 0.0625 0.25
vt 0 0.25
vt 0.3125 1
vt 0.6875 1
vt 0.6875 0.875
vt 0.3125 0.875
vt 0 0.25
vt 0.0625 0.25
vt 0.0625 0.625
vt 0 0.625
vt 0.3125 0.875
vt 0.6875 0.875
vt 0.6875 0.75
vt 0.3125 0.75
vt 0.6875 0.4375
vt 0.625 0.4375
vt 0.625 0.5625
vt 0.6875 0.5625
vt 0.6875 0.4375
vt 0.625 0.4375
vt 0.625 0.3125
vt 0.6875 0.3125
vn 0 0.2206974350215011 -0.9753423205085127
vn 1 0 0
vn 0 -0.2206974350215011 0.9753423205085127
vn -1 0 0
vn 0 0.9753423205085127 0.2206974350215011
vn 0 -0.9753423205085127 -0.2206974350215011
usemtl m_4fb90f61-0ab5-7a85-7f14-e34e604819a4
f 196/580/145 199/579/145 197/578/145 194/577/145
f 195/584/146 196/583/146 194/582/146 193/581/146
f 200/588/147 195/587/147 193/586/147 198/585/147
f 199/592/148 200/591/148 198/590/148 197/589/148
f 198/596/149 193/595/149 194/594/149 197/593/149
f 199/600/150 196/599/150 195/598/150 200/597/150
o tip
v 0.0023868750000000005 1.356934832403514 0.3219329423323534
v 0.0023868750000000005 1.3745216592567897 0.24421035116683126
v 0.0023868750000000005 1.349314970524541 0.3202087436212479
v 0.0023868750000000005 1.366901797377817 0.2424861524557258
v -0.003863125 1.3745216592567897 0.24421035116683126
v -0.003863125 1.356934832403514 0.3219329423323534
v -0.003863125 1.366901797377817 0.2424861524557258
v -0.003863125 1.349314970524541 0.3202087436212479
vt 0 0.625
vt 0.0625 0.625
vt 0.0625 0.25
vt 0 0.25
vt 0.3125 1
vt 0.6875 1
vt 0.6875 0.875
vt 0.3125 0.875
vt 0 0.25
vt 0.0625 0.25
vt 0.0625 0.625
vt 0 0.625
vt 0.3125 0.875
vt 0.6875 0.875
vt 0.6875 0.75
vt 0.3125 0.75
vt 0.6875 0.4375
vt 0.625 0.4375
vt 0.625 0.5625
vt 0.6875 0.5625
vt 0.6875 0.4375
vt 0.625 0.4375
vt 0.625 0.3125
vt 0.6875 0.3125
vn 0 0.2206974350215011 -0.9753423205085127
vn 1 0 0
vn 0 -0.2206974350215011 0.9753423205085127
vn -1 0 0
vn 0 0.9753423205085127 0.2206974350215011
vn 0 -0.9753423205085127 -0.2206974350215011
usemtl m_4fb90f61-0ab5-7a85-7f14-e34e604819a4
f 204/604/151 207/603/151 205/602/151 202/601/151
f 203/608/152 204/607/152 202/606/152 201/605/152
f 208/612/153 203/611/153 201/610/153 206/609/153
f 207/616/154 208/615/154 206/614/154 205/613/154
f 206/620/155 201/619/155 202/618/155 205/617/155
f 207/624/156 204/623/156 203/622/156 208/621/156
o tip
v 0.003949375 1.3648705967253092 0.31144625640710494
v 0.003949375 1.387195373386659 0.28530730133960386
v 0.003949375 1.3529892535128085 0.30129863065194584
v 0.003949375 1.3753140301741587 0.2751596755844447
v -0.005425625 1.387195373386659 0.28530730133960386
v -0.005425625 1.3648705967253092 0.31144625640710494
v -0.005425625 1.3753140301741587 0.2751596755844447
v -0.005425625 1.3529892535128085 0.30129863065194584
vt 0.625 0.5625
vt 0.6875 0.5625
vt 0.6875 0.4375
vt 0.625 0.4375
vt 0.3125 1
vt 0.6875 1
vt 0.6875 0.875
vt 0.3125 0.875
vt 0.625 0.4375
vt 0.6875 0.4375
vt 0.6875 0.3125
vt 0.625 0.3125
vt 0.3125 0.875
vt 0.6875 0.875
vt 0.6875 0.75
vt 0.3125 0.75
vt 0.0625 0.625
vt 0 0.625
vt 0 0.25
vt 0.0625 0.25
vt 0.0625 0.625
vt 0 0.625
vt 0 0.25
vt 0.0625 0.25
vn 0 0.6494480483301837 -0.7604059656000309
vn 1 0 0
vn 0 -0.6494480483301837 0.7604059656000309
vn -1 0 0
vn 0 0.7604059656000309 0.6494480483301837
vn 0 -0.7604059656000309 -0.6494480483301837
usemtl m_4fb90f61-0ab5-7a85-7f14-e34e604819a4
f 212/628/157 215/627/157 213/626/157 210/625/157
f 211/632/158 212/631/158 210/630/158 209/629/158
f 216/636/159 211/635/159 209/634/159 214/633/159
f 215/640/160 216/639/160 214/638/160 213/637/160
f 214/644/161 209/643/161 210/642/161 213/641/161
f 215/648/162 212/647/162 211/646/162 216/645/162
o tip
v 0.0023868750000000005 1.3760329850559843 0.29837677887335434
v 0.0023868750000000005 1.387195373386659 0.28530730133960386
v 0.0023868750000000005 1.3617753732009839 0.2861996279671635
v 0.0023868750000000005 1.3729377615316587 0.27313015043341304
v -0.003863125 1.387195373386659 0.28530730133960386
v -0.003863125 1.3760329850559843 0.29837677887335434
v -0.003863125 1.3729377615316587 0.27313015043341304
v -0.003863125 1.3617753732009839 0.2861996279671635
vt 0.625 0.5625
vt 0.6875 0.5625
vt 0.6875 0.4375
vt 0.625 0.4375
vt 0.3125 1
vt 0.6875 1
vt 0.6875 0.875
vt 0.3125 0.875
vt 0.625 0.4375
vt 0.6875 0.4375
vt 0.6875 0.3125
vt 0.625 0.3125
vt 0.3125 0.875
vt 0.6875 0.875
vt 0.6875 0.75
vt 0.3125 0.75
vt 0.0625 0.625
vt 0 0.625
vt 0 0.25
vt 0.0625 0.25
vt 0.0625 0.625
vt 0 0.625
vt 0 0.25
vt 0.0625 0.25
vn 0 0.6494480483301837 -0.7604059656000309
vn 1 0 0
vn 0 -0.6494480483301837 0.7604059656000309
vn -1 0 0
vn 0 0.7604059656000309 0.6494480483301837
vn 0 -0.7604059656000309 -0.6494480483301837
usemtl m_4fb90f61-0ab5-7a85-7f14-e34e604819a4
f 220/652/163 223/651/163 221/650/163 218/649/163
f 219/656/164 220/655/164 218/654/164 217/653/164
f 224/660/165 219/659/165 217/658/165 222/657/165
f 223/664/166 224/663/166 222/662/166 221/661/166
f 222/668/167 217/667/167 218/666/167 221/665/167
f 223/672/168 220/671/168 219/670/168 224/669/168
o tip
v 0.003949375 1.3567524961211819 0.32095133097710526
v 0.003949375 1.3648705967253092 0.31144625640710494
v 0.003949375 1.3508118245149316 0.31587751809952574
v 0.003949375 1.358929925119059 0.30637244352952536
v -0.005425625 1.3648705967253092 0.31144625640710494
v -0.005425625 1.3567524961211819 0.32095133097710526
v -0.005425625 1.358929925119059 0.30637244352952536
v -0.005425625 1.3508118245149316 0.31587751809952574
vt 0.625 0.5625
vt 0.6875 0.5625
vt 0.6875 0.4375
vt 0.625 0.4375
vt 0.3125 1
vt 0.6875 1
vt 0.6875 0.875
vt 0.3125 0.875
vt 0.625 0.4375
vt 0.6875 0.4375
vt 0.6875 0.3125
vt 0.625 0.3125
vt 0.3125 0.875
vt 0.6875 0.875
vt 0.6875 0.75
vt 0.3125 0.75
vt 0.0625 0.625
vt 0 0.625
vt 0 0.25
vt 0.0625 0.25
vt 0.0625 0.625
vt 0 0.625
vt 0 0.25
vt 0.0625 0.25
vn 0 0.6494480483301837 -0.7604059656000309
vn 1 0 0
vn 0 -0.6494480483301837 0.7604059656000309
vn -1 0 0
vn 0 0.7604059656000309 0.6494480483301837
vn 0 -0.7604059656000309 -0.6494480483301837
usemtl m_4fb90f61-0ab5-7a85-7f14-e34e604819a4
f 228/676/169 231/675/169 229/674/169 226/673/169
f 227/680/170 228/679/170 226/678/170 225/677/170
f 232/684/171 227/683/171 225/682/171 230/681/171
f 231/688/172 232/687/172 230/686/172 229/685/172
f 230/692/173 225/691/173 226/690/173 229/689/173
f 231/696/174 228/695/174 227/694/174 232/693/174
o tip
v 0.003949375 1.594005447359592 0.36399728725376956
v 0.003949375 1.512824441318319 0.26894654155376574
v 0.003949375 1.5690546266133407 0.385307301339604
v 0.003949375 1.4878736205720677 0.2902565556396001
v -0.005425625 1.512824441318319 0.26894654155376574
v -0.005425625 1.594005447359592 0.36399728725376956
v -0.005425625 1.4878736205720677 0.2902565556396001
v -0.005425625 1.5690546266133407 0.385307301339604
vt 0.625 0.4375
vt 0.6875 0.4375
vt 0.6875 0.5625
vt 0.625 0.5625
vt 0.3125 0.875
vt 0.6875 0.875
vt 0.6875 1
vt 0.3125 1
vt 0.625 0.3125
vt 0.6875 0.3125
vt 0.6875 0.4375
vt 0.625 0.4375
vt 0.3125 0.75
vt 0.6875 0.75
vt 0.6875 0.875
vt 0.3125 0.875
vt 0.0625 0.625
vt 0 0.625
vt 0 0.25
vt 0.0625 0.25
vt 0.0625 0.625
vt 0 0.625
vt 0 0.25
vt 0.0625 0.25
vn 0 -0.6494480483301837 -0.7604059656000309
vn 1 0 0
vn 0 0.6494480483301837 0.7604059656000309
vn -1 0 0
vn 0 0.7604059656000309 -0.6494480483301837
vn 0 -0.7604059656000309 0.6494480483301837
usemtl m_4fb90f61-0ab5-7a85-7f14-e34e604819a4
f 236/700/175 239/699/175 237/698/175 234/697/175
f 235/704/176 236/703/176 234/702/176 233/701/176
f 240/708/177 235/707/177 233/706/177 238/705/177
f 239/712/178 240/711/178 238/710/178 237/709/178
f 238/716/179 233/715/179 234/714/179 237/713/179
f 239/720/180 236/719/180 235/718/180 240/717/180
o tip
v 0.003949375 1.6032607464871913 0.4012986306519458
v 0.003949375 1.5809359698258412 0.37515967558444474
v 0.003949375 1.5913794032746909 0.41144625640710497
v 0.003949375 1.5690546266133407 0.38530730133960384
v -0.005425625 1.5809359698258412 0.37515967558444474
v -0.005425625 1.6032607464871913 0.4012986306519458
v -0.005425625 1.5690546266133407 0.38530730133960384
v -0.005425625 1.5913794032746909 0.41144625640710497
vt 0.625 0.4375
vt 0.6875 0.4375
vt 0.6875 0.5625
vt 0.625 0.5625
vt 0.3125 0.875
vt 0.6875 0.875
vt 0.6875 1
vt 0.3125 1
vt 0.625 0.3125
vt 0.6875 0.3125
vt 0.6875 0.4375
vt 0.625 0.4375
vt 0.3125 0.75
vt 0.6875 0.75
vt 0.6875 0.875
vt 0.3125 0.875
vt 0.0625 0.625
vt 0 0.625
vt 0 0.25
vt 0.0625 0.25
vt 0.0625 0.625
vt 0 0.625
vt 0 0.25
vt 0.0625 0.25
vn 0 -0.6494480483301837 -0.7604059656000309
vn 1 0 0
vn 0 0.6494480483301837 0.7604059656000309
vn -1 0 0
vn 0 0.7604059656000309 -0.6494480483301837
vn 0 -0.7604059656000309 0.6494480483301837
usemtl m_4fb90f61-0ab5-7a85-7f14-e34e604819a4
f 244/724/181 247/723/181 245/722/181 242/721/181
f 243/728/182 244/727/182 242/726/182 241/725/182
f 248/732/183 243/731/183 241/730/183 246/729/183
f 247/736/184 248/735/184 246/734/184 245/733/184
f 246/740/185 241/739/185 242/738/185 245/737/185
f 247/744/186 244/743/186 243/742/186 248/741/186
o tip
